    Time (s)      Temp (K)        pCO2 (bars)    Pop (N)
    0.31622E+08    0.28744E+03    0.28436E-03    0.10521E+04
    0.63245E+08    0.28626E+03    0.28472E-03    0.10586E+04
    0.94867E+08    0.28594E+03    0.28509E-03    0.10639E+04
    0.12649E+09    0.28602E+03    0.28546E-03    0.10696E+04
    0.15811E+09    0.28619E+03    0.28583E-03    0.10759E+04
    0.18973E+09    0.28635E+03    0.28620E-03    0.10829E+04
    0.22136E+09    0.28649E+03    0.28658E-03    0.10904E+04
    0.25298E+09    0.28661E+03    0.28695E-03    0.10984E+04
    0.28460E+09    0.28671E+03    0.28733E-03    0.11068E+04
    0.31622E+09    0.28679E+03    0.28772E-03    0.11155E+04
    0.34785E+09    0.28685E+03    0.28810E-03    0.11245E+04
    0.37947E+09    0.28691E+03    0.28849E-03    0.11337E+04
    0.41109E+09    0.28695E+03    0.28888E-03    0.11432E+04
    0.44271E+09    0.28699E+03    0.28928E-03    0.11529E+04
    0.47434E+09    0.28702E+03    0.28968E-03    0.11628E+04
    0.50596E+09    0.28705E+03    0.29008E-03    0.11728E+04
    0.53758E+09    0.28707E+03    0.29048E-03    0.11830E+04
    0.56920E+09    0.28709E+03    0.29089E-03    0.11934E+04
    0.60083E+09    0.28711E+03    0.29131E-03    0.12039E+04
    0.63245E+09    0.28713E+03    0.29172E-03    0.12146E+04
    0.66407E+09    0.28714E+03    0.29214E-03    0.12254E+04
    0.69569E+09    0.28715E+03    0.29257E-03    0.12363E+04
    0.72732E+09    0.28717E+03    0.29299E-03    0.12474E+04
    0.75894E+09    0.28718E+03    0.29343E-03    0.12586E+04
    0.79056E+09    0.28718E+03    0.29386E-03    0.12699E+04
    0.82218E+09    0.28719E+03    0.29430E-03    0.12814E+04
    0.85380E+09    0.28721E+03    0.29474E-03    0.12930E+04
    0.88543E+09    0.28721E+03    0.29519E-03    0.13048E+04
    0.91705E+09    0.28722E+03    0.29564E-03    0.13166E+04
    0.94867E+09    0.28722E+03    0.29610E-03    0.13286E+04
    0.98029E+09    0.28723E+03    0.29656E-03    0.13408E+04
    0.10119E+10    0.28723E+03    0.29702E-03    0.13530E+04
    0.10435E+10    0.28724E+03    0.29749E-03    0.13654E+04
    0.10752E+10    0.28724E+03    0.29796E-03    0.13779E+04
    0.11068E+10    0.28725E+03    0.29844E-03    0.13906E+04
    0.11384E+10    0.28725E+03    0.29892E-03    0.14033E+04
    0.11700E+10    0.28725E+03    0.29940E-03    0.14162E+04
    0.12017E+10    0.28725E+03    0.29989E-03    0.14292E+04
    0.12333E+10    0.28726E+03    0.30039E-03    0.14424E+04
    0.12649E+10    0.28726E+03    0.30089E-03    0.14557E+04
    0.12965E+10    0.28726E+03    0.30139E-03    0.14691E+04
    0.13281E+10    0.28727E+03    0.30190E-03    0.14827E+04
    0.13598E+10    0.28727E+03    0.30241E-03    0.14964E+04
    0.13914E+10    0.28728E+03    0.30293E-03    0.15103E+04
    0.14230E+10    0.28728E+03    0.30345E-03    0.15242E+04
    0.14546E+10    0.28729E+03    0.30398E-03    0.15384E+04
    0.14863E+10    0.28729E+03    0.30451E-03    0.15527E+04
    0.15179E+10    0.28730E+03    0.30505E-03    0.15672E+04
    0.15495E+10    0.28730E+03    0.30559E-03    0.15818E+04
    0.15811E+10    0.28731E+03    0.30614E-03    0.15966E+04
    0.16127E+10    0.28732E+03    0.30669E-03    0.16115E+04
    0.16444E+10    0.28732E+03    0.30725E-03    0.16266E+04
    0.16760E+10    0.28733E+03    0.30781E-03    0.16419E+04
    0.17076E+10    0.28733E+03    0.30838E-03    0.16574E+04
    0.17392E+10    0.28734E+03    0.30895E-03    0.16730E+04
    0.17709E+10    0.28734E+03    0.30953E-03    0.16888E+04
    0.18025E+10    0.28735E+03    0.31011E-03    0.17047E+04
    0.18341E+10    0.28735E+03    0.31070E-03    0.17208E+04
    0.18657E+10    0.28736E+03    0.31130E-03    0.17371E+04
    0.18973E+10    0.28737E+03    0.31190E-03    0.17536E+04
    0.19290E+10    0.28737E+03    0.31251E-03    0.17703E+04
    0.19606E+10    0.28738E+03    0.31312E-03    0.17871E+04
    0.19922E+10    0.28738E+03    0.31374E-03    0.18042E+04
    0.20238E+10    0.28739E+03    0.31436E-03    0.18214E+04
    0.20555E+10    0.28740E+03    0.31499E-03    0.18388E+04
    0.20871E+10    0.28740E+03    0.31563E-03    0.18564E+04
    0.21187E+10    0.28740E+03    0.31627E-03    0.18742E+04
    0.21503E+10    0.28741E+03    0.31692E-03    0.18922E+04
    0.21819E+10    0.28741E+03    0.31757E-03    0.19104E+04
    0.22136E+10    0.28742E+03    0.31823E-03    0.19287E+04
    0.22452E+10    0.28742E+03    0.31890E-03    0.19473E+04
    0.22768E+10    0.28742E+03    0.31957E-03    0.19661E+04
    0.23084E+10    0.28743E+03    0.32025E-03    0.19850E+04
    0.23401E+10    0.28743E+03    0.32094E-03    0.20042E+04
    0.23717E+10    0.28743E+03    0.32163E-03    0.20236E+04
    0.24033E+10    0.28744E+03    0.32233E-03    0.20431E+04
    0.24349E+10    0.28745E+03    0.32304E-03    0.20629E+04
    0.24665E+10    0.28746E+03    0.32375E-03    0.20830E+04
    0.24982E+10    0.28747E+03    0.32447E-03    0.21033E+04
    0.25298E+10    0.28748E+03    0.32520E-03    0.21238E+04
    0.25614E+10    0.28748E+03    0.32594E-03    0.21446E+04
    0.25930E+10    0.28749E+03    0.32668E-03    0.21656E+04
    0.26247E+10    0.28750E+03    0.32743E-03    0.21869E+04
    0.26563E+10    0.28751E+03    0.32818E-03    0.22084E+04
    0.26879E+10    0.28751E+03    0.32895E-03    0.22302E+04
    0.27195E+10    0.28752E+03    0.32972E-03    0.22522E+04
    0.27511E+10    0.28753E+03    0.33050E-03    0.22745E+04
    0.27828E+10    0.28753E+03    0.33128E-03    0.22971E+04
    0.28144E+10    0.28754E+03    0.33208E-03    0.23199E+04
    0.28460E+10    0.28755E+03    0.33288E-03    0.23430E+04
    0.28776E+10    0.28756E+03    0.33369E-03    0.23663E+04
    0.29093E+10    0.28757E+03    0.33451E-03    0.23900E+04
    0.29409E+10    0.28758E+03    0.33534E-03    0.24139E+04
    0.29725E+10    0.28759E+03    0.33617E-03    0.24382E+04
    0.30041E+10    0.28759E+03    0.33702E-03    0.24627E+04
    0.30358E+10    0.28760E+03    0.33787E-03    0.24875E+04
    0.30674E+10    0.28761E+03    0.33873E-03    0.25126E+04
    0.30990E+10    0.28761E+03    0.33960E-03    0.25379E+04
    0.31306E+10    0.28762E+03    0.34047E-03    0.25636E+04
    0.31622E+10    0.28763E+03    0.34136E-03    0.25896E+04
    0.31939E+10    0.28763E+03    0.34226E-03    0.26159E+04
    0.32255E+10    0.28764E+03    0.34316E-03    0.26424E+04
    0.32571E+10    0.28764E+03    0.34408E-03    0.26693E+04
    0.32887E+10    0.28765E+03    0.34500E-03    0.26965E+04
    0.33204E+10    0.28766E+03    0.34593E-03    0.27240E+04
    0.33520E+10    0.28767E+03    0.34687E-03    0.27519E+04
    0.33836E+10    0.28767E+03    0.34783E-03    0.27801E+04
    0.34152E+10    0.28768E+03    0.34879E-03    0.28086E+04
    0.34468E+10    0.28769E+03    0.34976E-03    0.28375E+04
    0.34785E+10    0.28770E+03    0.35074E-03    0.28667E+04
    0.35101E+10    0.28771E+03    0.35173E-03    0.28963E+04
    0.35417E+10    0.28771E+03    0.35273E-03    0.29262E+04
    0.35733E+10    0.28772E+03    0.35375E-03    0.29565E+04
    0.36050E+10    0.28773E+03    0.35477E-03    0.29871E+04
    0.36366E+10    0.28774E+03    0.35580E-03    0.30182E+04
    0.36682E+10    0.28775E+03    0.35685E-03    0.30496E+04
    0.36998E+10    0.28775E+03    0.35790E-03    0.30814E+04
    0.37314E+10    0.28776E+03    0.35897E-03    0.31135E+04
    0.37631E+10    0.28777E+03    0.36004E-03    0.31461E+04
    0.37947E+10    0.28777E+03    0.36113E-03    0.31790E+04
    0.38263E+10    0.28778E+03    0.36223E-03    0.32124E+04
    0.38579E+10    0.28779E+03    0.36334E-03    0.32462E+04
    0.38896E+10    0.28780E+03    0.36447E-03    0.32803E+04
    0.39212E+10    0.28780E+03    0.36560E-03    0.33149E+04
    0.39528E+10    0.28781E+03    0.36675E-03    0.33498E+04
    0.39844E+10    0.28781E+03    0.36791E-03    0.33852E+04
    0.40160E+10    0.28782E+03    0.36908E-03    0.34210E+04
    0.40477E+10    0.28783E+03    0.37026E-03    0.34573E+04
    0.40793E+10    0.28784E+03    0.37146E-03    0.34940E+04
    0.41109E+10    0.28785E+03    0.37266E-03    0.35312E+04
    0.41425E+10    0.28786E+03    0.37389E-03    0.35689E+04
    0.41742E+10    0.28787E+03    0.37512E-03    0.36071E+04
    0.42058E+10    0.28788E+03    0.37637E-03    0.36457E+04
    0.42374E+10    0.28789E+03    0.37763E-03    0.36849E+04
    0.42690E+10    0.28791E+03    0.37890E-03    0.37245E+04
    0.43006E+10    0.28792E+03    0.38019E-03    0.37647E+04
    0.43323E+10    0.28793E+03    0.38149E-03    0.38054E+04
    0.43639E+10    0.28794E+03    0.38281E-03    0.38466E+04
    0.43955E+10    0.28795E+03    0.38414E-03    0.38883E+04
    0.44271E+10    0.28796E+03    0.38549E-03    0.39306E+04
    0.44588E+10    0.28797E+03    0.38685E-03    0.39734E+04
    0.44904E+10    0.28798E+03    0.38822E-03    0.40168E+04
    0.45220E+10    0.28799E+03    0.38961E-03    0.40608E+04
    0.45536E+10    0.28800E+03    0.39101E-03    0.41053E+04
    0.45852E+10    0.28801E+03    0.39243E-03    0.41503E+04
    0.46169E+10    0.28802E+03    0.39387E-03    0.41959E+04
    0.46485E+10    0.28802E+03    0.39532E-03    0.42421E+04
    0.46801E+10    0.28803E+03    0.39679E-03    0.42889E+04
    0.47117E+10    0.28804E+03    0.39827E-03    0.43363E+04
    0.47434E+10    0.28806E+03    0.39977E-03    0.43843E+04
    0.47750E+10    0.28807E+03    0.40129E-03    0.44330E+04
    0.48066E+10    0.28808E+03    0.40282E-03    0.44824E+04
    0.48382E+10    0.28809E+03    0.40437E-03    0.45323E+04
    0.48698E+10    0.28810E+03    0.40594E-03    0.45829E+04
    0.49015E+10    0.28811E+03    0.40753E-03    0.46342E+04
    0.49331E+10    0.28812E+03    0.40913E-03    0.46861E+04
    0.49647E+10    0.28813E+03    0.41075E-03    0.47387E+04
    0.49963E+10    0.28814E+03    0.41239E-03    0.47920E+04
    0.50280E+10    0.28816E+03    0.41405E-03    0.48460E+04
    0.50596E+10    0.28817E+03    0.41572E-03    0.49008E+04
    0.50912E+10    0.28818E+03    0.41742E-03    0.49563E+04
    0.51228E+10    0.28819E+03    0.41913E-03    0.50125E+04
    0.51545E+10    0.28820E+03    0.42087E-03    0.50695E+04
    0.51861E+10    0.28822E+03    0.42262E-03    0.51272E+04
    0.52177E+10    0.28823E+03    0.42439E-03    0.51858E+04
    0.52493E+10    0.28824E+03    0.42619E-03    0.52450E+04
    0.52809E+10    0.28825E+03    0.42800E-03    0.53051E+04
    0.53126E+10    0.28826E+03    0.42984E-03    0.53659E+04
    0.53442E+10    0.28827E+03    0.43169E-03    0.54276E+04
    0.53758E+10    0.28828E+03    0.43357E-03    0.54901E+04
    0.54074E+10    0.28830E+03    0.43547E-03    0.55535E+04
    0.54391E+10    0.28831E+03    0.43739E-03    0.56177E+04
    0.54707E+10    0.28833E+03    0.43933E-03    0.56829E+04
    0.55023E+10    0.28834E+03    0.44130E-03    0.57489E+04
    0.55339E+10    0.28835E+03    0.44329E-03    0.58158E+04
    0.55655E+10    0.28836E+03    0.44530E-03    0.58836E+04
    0.55972E+10    0.28837E+03    0.44733E-03    0.59523E+04
    0.56288E+10    0.28839E+03    0.44939E-03    0.60220E+04
    0.56604E+10    0.28840E+03    0.45148E-03    0.60926E+04
    0.56920E+10    0.28842E+03    0.45358E-03    0.61642E+04
    0.57237E+10    0.28843E+03    0.45572E-03    0.62368E+04
    0.57553E+10    0.28844E+03    0.45787E-03    0.63103E+04
    0.57869E+10    0.28845E+03    0.46006E-03    0.63849E+04
    0.58185E+10    0.28847E+03    0.46226E-03    0.64605E+04
    0.58501E+10    0.28848E+03    0.46450E-03    0.65371E+04
    0.58818E+10    0.28850E+03    0.46676E-03    0.66149E+04
    0.59134E+10    0.28852E+03    0.46905E-03    0.66937E+04
    0.59450E+10    0.28853E+03    0.47136E-03    0.67737E+04
    0.59766E+10    0.28855E+03    0.47371E-03    0.68548E+04
    0.60083E+10    0.28856E+03    0.47608E-03    0.69370E+04
    0.60399E+10    0.28857E+03    0.47848E-03    0.70204E+04
    0.60715E+10    0.28859E+03    0.48090E-03    0.71049E+04
    0.61031E+10    0.28861E+03    0.48336E-03    0.71906E+04
    0.61347E+10    0.28863E+03    0.48585E-03    0.72776E+04
    0.61664E+10    0.28864E+03    0.48837E-03    0.73658E+04
    0.61980E+10    0.28865E+03    0.49091E-03    0.74553E+04
    0.62296E+10    0.28867E+03    0.49349E-03    0.75460E+04
    0.62612E+10    0.28868E+03    0.49610E-03    0.76379E+04
    0.62929E+10    0.28870E+03    0.49875E-03    0.77311E+04
